536
0 0
800 0
800 800
0 800
3 3
797 3
797 797
3 797
6 6
794 6
794 794
6 794
9 9
791 9
791 791
9 791
12 12
788 12
788 788
12 788
15 15
785 15
785 785
15 785
18 18
782 18
782 782
18 782
21 21
779 21
779 779
21 779
24 24
776 24
776 776
24 776
27 27
773 27
773 773
27 773
30 30
770 30
770 770
30 770
33 33
767 33
767 767
33 767
36 36
764 36
764 764
36 764
39 39
761 39
761 761
39 761
42 42
758 42
758 758
42 758
45 45
755 45
755 755
45 755
48 48
752 48
752 752
48 752
51 51
749 51
749 749
51 749
54 54
746 54
746 746
54 746
57 57
743 57
743 743
57 743
60 60
740 60
740 740
60 740
63 63
737 63
737 737
63 737
66 66
734 66
734 734
66 734
69 69
731 69
731 731
69 731
72 72
728 72
728 728
72 728
75 75
725 75
725 725
75 725
78 78
722 78
722 722
78 722
81 81
719 81
719 719
81 719
84 84
716 84
716 716
84 716
87 87
713 87
713 713
87 713
90 90
710 90
710 710
90 710
93 93
707 93
707 707
93 707
96 96
704 96
704 704
96 704
99 99
701 99
701 701
99 701
102 102
698 102
698 698
102 698
105 105
695 105
695 695
105 695
108 108
692 108
692 692
108 692
111 111
689 111
689 689
111 689
114 114
686 114
686 686
114 686
117 117
683 117
683 683
117 683
120 120
680 120
680 680
120 680
123 123
677 123
677 677
123 677
126 126
674 126
674 674
126 674
129 129
671 129
671 671
129 671
132 132
668 132
668 668
132 668
135 135
665 135
665 665
135 665
138 138
662 138
662 662
138 662
141 141
659 141
659 659
141 659
144 144
656 144
656 656
144 656
147 147
653 147
653 653
147 653
150 150
650 150
650 650
150 650
153 153
647 153
647 647
153 647
156 156
644 156
644 644
156 644
159 159
641 159
641 641
159 641
162 162
638 162
638 638
162 638
165 165
635 165
635 635
165 635
168 168
632 168
632 632
168 632
171 171
629 171
629 629
171 629
174 174
626 174
626 626
174 626
177 177
623 177
623 623
177 623
180 180
620 180
620 620
180 620
183 183
617 183
617 617
183 617
186 186
614 186
614 614
186 614
189 189
611 189
611 611
189 611
192 192
608 192
608 608
192 608
195 195
605 195
605 605
195 605
198 198
602 198
602 602
198 602
201 201
599 201
599 599
201 599
204 204
596 204
596 596
204 596
207 207
593 207
593 593
207 593
210 210
590 210
590 590
210 590
213 213
587 213
587 587
213 587
216 216
584 216
584 584
216 584
219 219
581 219
581 581
219 581
222 222
578 222
578 578
222 578
225 225
575 225
575 575
225 575
228 228
572 228
572 572
228 572
231 231
569 231
569 569
231 569
234 234
566 234
566 566
234 566
237 237
563 237
563 563
237 563
240 240
560 240
560 560
240 560
243 243
557 243
557 557
243 557
246 246
554 246
554 554
246 554
249 249
551 249
551 551
249 551
252 252
548 252
548 548
252 548
255 255
545 255
545 545
255 545
258 258
542 258
542 542
258 542
261 261
539 261
539 539
261 539
264 264
536 264
536 536
264 536
267 267
533 267
533 533
267 533
270 270
530 270
530 530
270 530
273 273
527 273
527 527
273 527
276 276
524 276
524 524
276 524
279 279
521 279
521 521
279 521
282 282
518 282
518 518
282 518
285 285
515 285
515 515
285 515
288 288
512 288
512 512
288 512
291 291
509 291
509 509
291 509
294 294
506 294
506 506
294 506
297 297
503 297
503 503
297 503
300 300
500 300
500 500
300 500
303 303
497 303
497 497
303 497
306 306
494 306
494 494
306 494
309 309
491 309
491 491
309 491
312 312
488 312
488 488
312 488
315 315
485 315
485 485
315 485
318 318
482 318
482 482
318 482
321 321
479 321
479 479
321 479
324 324
476 324
476 476
324 476
327 327
473 327
473 473
327 473
330 330
470 330
470 470
330 470
333 333
467 333
467 467
333 467
336 336
464 336
464 464
336 464
339 339
461 339
461 461
339 461
342 342
458 342
458 458
342 458
345 345
455 345
455 455
345 455
348 348
452 348
452 452
348 452
351 351
449 351
449 449
351 449
354 354
446 354
446 446
354 446
357 357
443 357
443 443
357 443
360 360
440 360
440 440
360 440
363 363
437 363
437 437
363 437
366 366
434 366
434 434
366 434
369 369
431 369
431 431
369 431
372 372
428 372
428 428
372 428
375 375
425 375
425 425
375 425
378 378
422 378
422 422
378 422
381 381
419 381
419 419
381 419
384 384
416 384
416 416
384 416
387 387
413 387
413 413
387 413
390 390
410 390
410 410
390 410
393 393
407 393
407 407
393 407
396 396
404 396
404 404
396 404
399 399
401 399
401 401
399 401
